#
1|    1 |    5 |  231 |CAPE TIMESCALE (DEEP)              S|
2|    1 |    0 |    1 |    1 |    5 |   -1 |   -1 |    0 |    0 |    0 |    0 |
3| 000000000000000000000000000000 | 00000000000000011000 |    3 |
4|    1 |    2 | -99  -99  -99  -99  -99   30  -99  -99  -99  -99 |
5|    0 |    0 |    0 |    0 |    0 |    0 |    0 |    0 |  419 |
#
1|    1 |    5 |  232 |INDICATOR REDUCED CAPE TIMESCALE    |
2|    1 |    0 |    1 |    1 |    5 |   -1 |   -1 |    0 |    0 |    0 |    0 |
3| 000000000000000000000000000000 | 00000000000000011000 |    3 |
4|    1 |    2 |  -3   -3   -3   -3  -99   30  -99  -99  -99  -99 |
5|    0 |    0 |    0 |    0 |    0 |    0 |    0 |    0 |  419 |
#
1|    1 |    0 |  274 |MEAN TOPOGRAPHIC INDEX              |
2|    2 |    0 |    1 |   21 |    5 |   -1 |   -1 |    0 |    0 |    0 |    0 |
3| 000000000000000000000000000500 | 00000000000000000001 |    3 |
4|    1 |  122 | -99  -99  -99  -99  -99  -99  -99  -99  -99  -99 |
5|    0 |  900 |    0 |  129 |    0 |    0 |    0 |    0 |    0 |
#
1|    1 |    0 |  275 |STANDARD DEVN IN TOPOGRAPHIC INDEX  |
2|    2 |    0 |    1 |   21 |    5 |   -1 |   -1 |    0 |    0 |    0 |    0 |
3| 000000000000000000000000000500 | 00000000000000000001 |    3 |
4|    1 |  122 | -99  -99  -99  -99  -99  -99  -99  -99  -99  -99 |
5|    0 |  900 |    0 |  129 |    0 |    0 |    0 |    0 |    0 |
#
1|    1 |    0 |  276 |EXP DECAY IN SOIL SAT HYD CONDUCTY  |
2|    2 |    0 |    1 |   21 |    5 |   -1 |   -1 |    0 |    0 |    0 |    0 |
3| 000000000000000000000000000500 | 00000000000000000001 |    3 |
4|    1 |    2 | -99  -99  -99  -99  -99  -99  -99  -99  -99  -99 |
5|    0 |  900 |    0 |  129 |    0 |    0 |    0 | 9999 |   18 |
#
1|    1 |    0 |  277 |INTEGRATED GAMMA DISTRIBUTION       |
2|    2 |    0 |    1 |   21 |    5 |   -1 |   -1 |    0 |    0 |    0 |    0 |
3| 000000000000000000000000000500 | 00000000000000000001 |    3 |
4|    1 |    2 | -99  -99  -99  -99  -99  -99  -99  -99  -99  -99 |
5|    0 |  900 |    0 |  129 |    0 |    0 |    0 | 9999 |   18 |
#
1|    1 |    0 |  278 |MEAN WATER TABLE DEPTH            M |
2|    2 |    0 |    1 |   21 |    5 |   -1 |   -1 |    0 |    0 |    0 |    0 |
3| 000000000000000000000000000500 | 00000000000000000001 |    3 |
4|    1 |    2 | -99  -99  -99  -99  -99  -99  -99  -99  -99  -99 |
5|    0 |  900 |    0 |  129 |    0 |    0 |    0 | 9999 |   18 |
#
1|    1 |    0 |  279 |SURFACE SATURATION FRACTION         |
2|    2 |    0 |    1 |   21 |    5 |   -1 |   -1 |    0 |    0 |    0 |    0 |
3| 000000000000000000000000000500 | 00000000000000000001 |    3 |
4|    1 |    2 | -99  -99  -99  -99  -99  -99  -99  -99  -99  -99 |
5|    0 |  900 |    0 |  129 |    0 |    0 |    0 | 9999 |   18 |
#
1|    1 |    0 |  280 |SURFACE WETLAND FRACTION            |
2|    2 |    0 |    1 |   21 |    5 |   -1 |   -1 |    0 |    0 |    0 |    0 |
3| 000000000000000000000000000500 | 00000000000000000001 |    3 |
4|    1 |    2 | -99  -99  -99  -99  -99  -99  -99  -99  -99  -99 |
5|    0 |  900 |    0 |  129 |    0 |    0 |    0 | 9999 |   18 |
#
1|    1 |    0 |  281 |SATURATION FRAC IN DEEP LAYER       |       
2|    2 |    0 |    1 |   21 |    5 |   -1 |   -1 |    0 |    0 |    0 |    0 |
3| 000000000000000000000000000500 | 00000000000000000001 |    3 |
4|    1 |    2 | -99  -99  -99  -99  -99  -99  -99  -99  -99  -99 |
5|    0 |  900 |    0 |  129 |    0 |    0 |    0 | 9999 |   18 |
#
1|    1 |    0 |  282 |A_FSAT HYDROLOGY FITTING PARAMETER  |       
2|    2 |    0 |    1 |   21 |    5 |   -1 |   -1 |    0 |    0 |    0 |    0 |
3| 000000000000000000000000000500 | 00000000000000000001 |    3 |
4|    1 |    2 | -99  -99  -99  -99  -99  -99  -99  -99  -99  -99 |
5|    0 |  900 |    0 |  129 |    0 |    0 |    0 | 9999 |   18 |
#
1|    1 |    0 |  283 |C_FSAT HYDROLOGY FITTING PARAMETER  |       
2|    2 |    0 |    1 |   21 |    5 |   -1 |   -1 |    0 |    0 |    0 |    0 |
3| 000000000000000000000000000500 | 00000000000000000001 |    3 |
4|    1 |    2 | -99  -99  -99  -99  -99  -99  -99  -99  -99  -99 |
5|    0 |  900 |    0 |  129 |    0 |    0 |    0 | 9999 |   18 |
#
1|    1 |    0 |  284 |A_FWET HYDROLOGY FITTING PARAMETER  |       
2|    2 |    0 |    1 |   21 |    5 |   -1 |   -1 |    0 |    0 |    0 |    0 |
3| 000000000000000000000000000500 | 00000000000000000001 |    3 |
4|    1 |    2 | -99  -99  -99  -99  -99  -99  -99  -99  -99  -99 |
5|    0 |  900 |    0 |  129 |    0 |    0 |    0 | 9999 |   18 |
#
1|    1 |    0 |  285 |C_FWET HYDROLOGY FITTING PARAMETER  |       
2|    2 |    0 |    1 |   21 |    5 |   -1 |   -1 |    0 |    0 |    0 |    0 |
3| 000000000000000000000000000500 | 00000000000000000001 |    3 |
4|    1 |    2 | -99  -99  -99  -99  -99  -99  -99  -99  -99  -99 |
5|    0 |  900 |    0 |  129 |    0 |    0 |    0 | 9999 |   18 |
#
1|    1 |    0 |   49 |SEA-ICE TEMPERATURE AFTER TIMESTEP  |
2|    2 |    0 |    1 |    3 |    5 |   -1 |   -1 |    0 |    0 |    0 |    0 |
3| 000000000000000000000000000300 | 00000000000000000001 |    3 |
4|    1 |    2 | -99  -99  -99  -99  -99  -99  -99  -99  -99  -99 |
5|    0 |  209 |    0 |  129 |    0 |    0 |    0 |    0 |    0 |
#
1|    1 |    0 |  171 |NET DN SW RAD FLUX:OPEN SEA: CPL    |
2|    2 |    0 |    1 |    1 |    5 |   -1 |   -1 |    0 |    0 |    0 |    0 |
3| 000000000000000000000001000000 | 00000000000000000001 |    3 |
4|    1 |    0 | -99  -99  -99  -99   -7   30  -99  -99  -99  -99 |
5|    0 |  186 |    2 |  129 |    0 |    0 |    0 |    0 |    0 |
#
1|    1 |    0 |  172 |NET DWN SFC SW FLUX BLW 690NM: CPL  |
2|    2 |    0 |    1 |    1 |    5 |   -1 |   -1 |    0 |    0 |    0 |    0 |
3| 000000000000000000000001000000 | 00000000000000000001 |    3 |
4|    1 |    0 | -99  -99  -99  -99   -7   30  -99  -99  -99  -99 |
5|    0 |  186 |    1 |  129 |    0 |    0 |    0 |    0 |  129 |
#
1|    1 |    0 |  173 |NET DOWN SURFACE LW RAD FLUX: CPL   |
2|    2 |    0 |    1 |    1 |    5 |   -1 |   -1 |    0 |    0 |    0 |    0 |
3| 000000000000000000000001000000 | 00000000000000000001 |    3 |
4|    1 |    2 |   0   -7    0    0   -7   16  -99  -99  -99  -99 |
5|    0 |  187 |    0 |  129 |    0 |    0 |    0 |    0 |   35 |
#
1|    1 |    0 |  174 |NET DN LW RAD FLUX:OPEN SEA: CPL    |
2|    2 |    0 |    1 |    1 |    5 |   -1 |   -1 |    0 |    0 |    0 |    0 |
3| 000000000000000000000001000000 | 00000000000000000001 |    3 |
4|    1 |    0 | -99  -99  -99  -99   -7   16  -99  -99  -99  -99 |
5|    0 |  187 |    0 |  129 |    0 |    0 |    0 |    0 |    0 |
#
1|    1 |    0 |  176 |X-COMP SURF & BL WIND STR: CPL N/M2 |
2|    2 |    0 |    1 |   18 |    5 |   -1 |   -1 |    0 |    0 |    0 |    1 |
3| 000000000000000000000001000000 | 00000000000000000001 |    3 |
4|    1 |    0 | -10  -10  -10  -10  -14   17  -99  -99  -99  -99 |
5|    0 |   61 |    0 |  129 |    0 |    0 |    0 |    0 |    0 |
#
1|    1 |    0 |  177 |Y-COMP SURF & BL WIND STRL CPL N/M2 |
2|    2 |    0 |    1 |   19 |    5 |   -1 |   -1 |    0 |    0 |    0 |    1 |
3| 000000000000000000000001000000 | 00000000000000000001 |    3 |
4|    1 |    0 | -10  -10  -10  -10  -14   17  -99  -99  -99  -99 |
5|    0 |   62 |    0 |  129 |    0 |    0 |    0 |    0 |    0 |
#
1|    1 |    0 |  178 |WIND MIX EN'GY FL TO SEA: CPL W/M2  |
2|    2 |    0 |    1 |    1 |    5 |   -1 |   -1 |    0 |    0 |    0 |    0 |
3| 000000000000000000000001000000 | 00000000000000000001 |    3 |
4|    1 |    0 | -17  -12  -12  -12  -17   12  -99  -99  -99  -99 |
5|    0 |  182 |    0 |  129 |    0 |    0 |    0 |    0 |    0 |
#
1|    1 |    0 |  179 |SFC SH FLX FROM OPEN SEA: CPL W/M2  |
2|    2 |    0 |    1 |    1 |    5 |   -1 |   -1 |    0 |    0 |    0 |    0 |
3| 000000000000000000000001000000 | 00000000000000000001 |    3 |
4|    1 |    0 | -99  -99  -99  -99  -14  -99  -99  -99  -99  -99 |
5|    0 |  178 |    0 |  129 |    0 |    0 |    0 |    0 |    0 |
#
1|    1 |    0 |  180 |SUBLIM. SURFACE (GBM): CPL  KG/M2/TS|
2|    2 |    0 |    1 |    1 |    5 |   -1 |   -1 |    0 |    0 |    0 |    0 |
3| 000000000000000000000001000000 | 00000000000000000001 |    3 |
4|    1 |    0 | -99  -99  -99  -99  -99   30  -99  -99  -99  -99 |
5|    0 |  107 |    0 |  129 |    0 |    0 |    0 |    0 |    0 |
#
1|    1 |    0 |  181 |EVAP FROM OPEN SEA: CPL KG/M2/S     |
2|    2 |    0 |    1 |    1 |    5 |   -1 |   -1 |    0 |    0 |    0 |    0 |
3| 000000000000000000000001000000 | 00000000000000000001 |    3 |
4|    1 |    0 | -99  -99  -99  -99  -99   30  -99  -99  -99  -99 |
5|    0 |  285 |    0 |  129 |    0 |    0 |    0 |    0 |    0 |
#
1|    1 |    0 |  184 |Heat flx through sea ice (W/m2): CPL|
2|    2 |    0 |    1 |    1 |    5 |   -1 |   -1 |   10 |    1 |   10 |    0 |
3| 000000000000000000000001000000 | 00000000000000000001 |    3 |
4|    1 |    0 | -99  -99  -99  -99  -99  -99  -99  -99  -99  -99 |
5|    0 | 1414 |    0 |  129 |    0 |    0 |    0 |    0 |    0 |
#
1|    1 |    0 |  185 |Heat flx in sea ice surface mlt: CPL|
2|    2 |    0 |    1 |    1 |    5 |   -1 |   -1 |   10 |    1 |   10 |    0 |
3| 000000000000000000000001000000 | 00000000000000000001 |    3 |
4|    1 |    0 | -99  -99  -99  -99  -99  -99  -99  -99  -99  -99 |
5|    0 | 1415 |    0 |  129 |    0 |    0 |    0 |    0 |    0 |
#
1|    1 |    0 |  186 |LARGE SCALE RAIN RATE: CPL   KG/M2/S|
2|    2 |    0 |    1 |    1 |    5 |   -1 |   -1 |    0 |    0 |    0 |    0 |
3| 000000000000000000000001000000 | 00000000000000000001 |    3 |
4|    1 |    0 | -18  -99  -99  -99  -99   30  -99  -99  -99  -99 |
5|    0 |   99 |    0 |  129 |    0 |    0 |    0 |    0 |    0 |
#
1|    1 |    0 |  187 |LARGE SCALE SNOW RATE: CPL   KG/M2/S|
2|    2 |    0 |    1 |    1 |    5 |   -1 |   -1 |    0 |    0 |    0 |    0 |
3| 000000000000000000000001000000 | 00000000000000000001 |    3 |
4|    1 |    0 | -18  -99  -99  -99  -99   30  -99  -99  -99  -99 |
5|    0 |  118 |    0 |  129 |    0 |    0 |    0 |    0 |    0 |
#
1|    1 |    0 |  188 |CONVECTIVE RAIN RATE: CPL    KG/M2/S|
2|    2 |    0 |    1 |    1 |    5 |   -1 |   -1 |    0 |    0 |    0 |    0 |
3| 000000000000000000000001000000 | 00000000000000000001 |    3 |
4|    1 |    0 | -18  -99  -99  -99  -99   30  -99  -99  -99  -99 |
5|    0 |   98 |    0 |  129 |    0 |    0 |    0 |    0 |    0 |
#
1|    1 |    0 |  189 |CONVECTIVE SNOW RATE: CPL    KG/M2/S|
2|    2 |    0 |    1 |    1 |    5 |   -1 |   -1 |    0 |    0 |    0 |    0 |
3| 000000000000000000000001000000 | 00000000000000000001 |    3 |
4|    1 |    0 | -18  -99  -99  -99  -99   30  -99  -99  -99  -99 |
5|    0 |  119 |    0 |  129 |    0 |    0 |    0 |    0 |    0 |
#
1|    1 |    0 |  192 |River Runoff:                   CPL |
2|    2 |    0 |    1 |    1 |    5 |   -1 |   -1 |    0 |    0 |    0 |    0 |
3| 000000000000000000000001000000 | 00000000000000000001 |    3 |
4|    1 |    0 | -99  -99  -99  -99  -20   30  -99  -99  -99  -99 |
5|    0 |  112 |    0 |  129 |    0 |    0 |    0 |    0 |    0 |
#
1|    1 |    0 |  460 |DIRECT COMPONENT OF PAR             |
2|    2 |    0 |    1 |    1 |    5 |   -1 |   -1 |    0 |    0 |    0 |    0 |
3| 000010000000000000000000000000 | 00000000000000000101 |    3 |
4|    1 |    0 | -99  -99  -99  -99  -99  -99  -99  -99  -99  -99 |
5|    0 |  902 |    0 |  129 |    0 |    0 |    0 |    0 |    0 |
#
1|    1 |    0 |  301 |NOx surf emissions                  |
2|    2 |    0 |    1 |    1 |    5 |   -1 |   -1 |    0 |    0 |    0 |    0 |
3| 000000000000000000000000000000 | 00000000000000000001 |    3 |
4|    1 |    0 | -99  -99  -99  -99  -99  -99  -99  -99  -99  -99 |
5|    0 |  531 |    0 |  129 |    0 |    0 |    0 |    0 |    0 |
#
1|    1 |    0 |  302 |CH4 surf emissions                  |
2|    2 |    0 |    1 |    1 |    5 |   -1 |   -1 |    0 |    0 |    0 |    0 |
3| 000000000000000000000000000000 | 00000000000000000001 |    3 |
4|    1 |    0 | -99  -99  -99  -99  -99  -99  -99  -99  -99  -99 |
5|    0 |  532 |    0 |  129 |    0 |    0 |    0 |    0 |    0 |
#
1|    1 |    0 |  303 |CO surf emissions                   |
2|    2 |    0 |    1 |    1 |    5 |   -1 |   -1 |    0 |    0 |    0 |    0 |
3| 000000000000000000000000000000 | 00000000000000000001 |    3 |
4|    1 |    0 | -99  -99  -99  -99  -99  -99  -99  -99  -99  -99 |
5|    0 |  533 |    0 |  129 |    0 |    0 |    0 |    0 |    0 |
#
1|    1 |    0 |  304 |HCHO surf emissions                 |
2|    2 |    0 |    1 |    1 |    5 |   -1 |   -1 |    0 |    0 |    0 |    0 |
3| 000000000000000000000000000000 | 00000000000000000001 |    3 |
4|    1 |    0 | -99  -99  -99  -99  -99  -99  -99  -99  -99  -99 |
5|    0 |  534 |    0 |  129 |    0 |    0 |    0 |    0 |    0 |
#
1|    1 |    0 |  305 |C2H6 surf emissions                 |
2|    2 |    0 |    1 |    1 |    5 |   -1 |   -1 |    0 |    0 |    0 |    0 |
3| 000000000000000000000000000000 | 00000000000000000001 |    3 |
4|    1 |    0 | -99  -99  -99  -99  -99  -99  -99  -99  -99  -99 |
5|    0 |  535 |    0 |  129 |    0 |    0 |    0 |    0 |    0 |
#
1|    1 |    0 |  306 |C3H8 surf emissions                 |
2|    2 |    0 |    1 |    1 |    5 |   -1 |   -1 |    0 |    0 |    0 |    0 |
3| 000000000000000000000000000000 | 00000000000000000001 |    3 |
4|    1 |    0 | -99  -99  -99  -99  -99  -99  -99  -99  -99  -99 |
5|    0 |  536 |    0 |  129 |    0 |    0 |    0 |    0 |    0 |
#
1|    1 |    0 |  307 |ME2CO surf emissions                |
2|    2 |    0 |    1 |    1 |    5 |   -1 |   -1 |    0 |    0 |    0 |    0 |
3| 000000000000000000000000000000 | 00000000000000000001 |    3 |
4|    1 |    0 | -99  -99  -99  -99  -99  -99  -99  -99  -99  -99 |
5|    0 |  537 |    0 |  129 |    0 |    0 |    0 |    0 |    0 |
#
1|    1 |    0 |  308 |MECHO surf emissions                |
2|    2 |    0 |    1 |    1 |    5 |   -1 |   -1 |    0 |    0 |    0 |    0 |
3| 000000000000000000000000000000 | 00000000000000000001 |    3 |
4|    1 |    0 | -99  -99  -99  -99  -99  -99  -99  -99  -99  -99 |
5|    0 |  538 |    0 |  129 |    0 |    0 |    0 |    0 |    0 |
#
1|    1 |    0 |  309 |C5H8 surf emissions                 |
2|    2 |    0 |    1 |    1 |    5 |   -1 |   -1 |    0 |    0 |    0 |    0 |
3| 000000000000000000000000000000 | 00000000000000000001 |    3 |
4|    1 |    0 | -99  -99  -99  -99  -99  -99  -99  -99  -99  -99 |
5|    0 |  539 |    0 |  129 |    0 |    0 |    0 |    0 |    0 |
#
1|    1 |    0 |  321 |Climatological biogenic aerosol mmr |
2|    2 |    0 |    1 |    1 |    2 |    1 |    2 |    0 |    0 |    0 |    0 |
3| 000000000000000000000000000000 | 00000000000000000001 |    3 |
4|    1 |    0 | -99  -99  -99  -99  -99  -99  -99  -99  -99  -99 |
5|    0 |  573 |    0 |   65 |    0 |    0 |    0 | 9999 |    0 |
#
1|    1 |    0 |  340 |NOX AIRCRAFT EMS IN KG/S/GRIDCELL   |
2|    2 |    0 |    1 |    1 |    2 |   10 |   11 |    0 |    0 |    0 |    0 |
3| 000000000000000000000000000000 | 00000000000000000001 |    3 |
4|    1 |    0 | -99  -99  -99  -99  -99  -99  -99  -99  -99  -99 |
5|    0 |  520 |   20 |   65 |    0 |    0 |    0 | 9999 |    0 |
#
1|    1 |   34 |  151 |O(1D) MASS MIXING RATIO  AFTER TSTEP|
2|    2 |    0 |    1 |    1 |    2 |   10 |   11 |    0 |    0 |    0 |    0 |
3| 000000000000000000000000000000 | 00000000000000000001 |    3 |
4|    1 |    0 | -99  -99  -99  -99  -99  -99  -99  -99  -99  -99 |
5|    0 | 1861 |    1 |   65 |    0 |    0 |    0 |    0 |    0 |
#
1|    1 |   34 |  152 |NO2 MASS MIXING RATIO AFTER TSTEP   |
2|    2 |    0 |    1 |    1 |    2 |   10 |   11 |    0 |    0 |    0 |    0 |
3| 000000000000000000000000000000 | 00000000000000000001 |    3 |
4|    1 |    0 | -99  -99  -99  -99  -99  -99  -99  -99  -99  -99 |
5|    0 | 1861 |    1 |   65 |    0 |    0 |    0 |    0 |    0 |
#
1|    1 |   34 |  153 |BrO MASS MIXING RATIO AFTER TSTEP   |
2|    2 |    0 |    1 |    1 |    2 |   10 |   11 |    0 |    0 |    0 |    0 |
3| 000000000000000000000000000000 | 00000000000000000001 |    3 |
4|    1 |    0 | -99  -99  -99  -99  -99  -99  -99  -99  -99  -99 |
5|    0 | 1861 |    1 |   65 |    0 |    0 |    0 |    0 |    0 |
#
1|    1 |   34 |  154 |HCl MASS MIXING RATIO AFTER TSTEP   |
2|    2 |    0 |    1 |    1 |    2 |   10 |   11 |    0 |    0 |    0 |    0 |
3| 000000000000000000000000000000 | 00000000000000000001 |    3 |
4|    1 |    0 | -99  -99  -99  -99  -99  -99  -99  -99  -99  -99 |
5|    0 | 1861 |    1 |   65 |    0 |    0 |    0 |    0 |    0 |
#
1|    1 |   34 |  155 |Cly  MASS MIXING RATIO AFTER TSTEP  |
2|    2 |    0 |    1 |    1 |    2 |   10 |   11 |    0 |    0 |    0 |    0 |
3| 000000000000000000000000000000 | 00000000000000000001 |    3 |
4|    1 |    0 | -99  -99  -99  -99  -99  -99  -99  -99  -99  -99 |
5|    0 | 1861 |    1 |   65 |    0 |    0 |    0 |    0 |    0 |
#
1|    1 |   34 |  156 |BUDGET2 SURFACE EMISSIONS           |
2|    2 |    0 |    1 |    1 |    2 |   10 |   11 |    0 |    0 |    0 |    0 |
3| 000000000000000000000000000000 | 00000000000000000001 |    3 |
4|    1 |    0 | -99  -99  -99  -99  -99  -99  -99  -99  -99  -99 |
5|    0 | 1861 |    1 |   65 |    0 |    0 |    0 |    0 |    0 |
#
1|    1 |   34 |  157 |BUDGET2 PHOTOLYSIS RXNS BUDGET 1    |
2|    2 |    0 |    1 |    1 |    2 |   10 |   11 |    0 |    0 |    0 |    0 |
3| 000000000000000000000000000000 | 00000000000000000001 |    3 |
4|    1 |    0 | -99  -99  -99  -99  -99  -99  -99  -99  -99  -99 |
5|    0 | 1861 |    1 |   65 |    0 |    0 |    0 |    0 |    0 |
#
1|    1 |   34 |  158 |BUDGET2 PHOTOLYSIS RXNS BUDGET 2    |
2|    2 |    0 |    1 |    1 |    2 |   10 |   11 |    0 |    0 |    0 |    0 |
3| 000000000000000000000000000000 | 00000000000000000001 |    3 |
4|    1 |    0 | -99  -99  -99  -99  -99  -99  -99  -99  -99  -99 |
5|    0 | 1861 |    1 |   65 |    0 |    0 |    0 |    0 |    0 |
#
1|    1 |   34 |  159 |BUDGET2 BIMOLECULAR RXNS BUDGET 1   |
2|    2 |    0 |    1 |    1 |    2 |   10 |   11 |    0 |    0 |    0 |    0 |
3| 000000000000000000000000000000 | 00000000000000000001 |    3 |
4|    1 |    0 | -99  -99  -99  -99  -99  -99  -99  -99  -99  -99 |
5|    0 | 1861 |    1 |   65 |    0 |    0 |    0 |    0 |    0 |
#
1|    1 |   34 |  160 |BUDGET2 BIMOLECULAR RXNS BUDGET 2   |
2|    2 |    0 |    1 |    1 |    2 |   10 |   11 |    0 |    0 |    0 |    0 |
3| 000000000000000000000000000000 | 00000000000000000001 |    3 |
4|    1 |    0 | -99  -99  -99  -99  -99  -99  -99  -99  -99  -99 |
5|    0 | 1861 |    1 |   65 |    0 |    0 |    0 |    0 |    0 |
#
1|    1 |   34 |  161 |BUDGET2 BIMOLECULAR RXNS BUDGET 3   |
2|    2 |    0 |    1 |    1 |    2 |   10 |   11 |    0 |    0 |    0 |    0 |
3| 000000000000000000000000000000 | 00000000000000000001 |    3 |
4|    1 |    0 | -99  -99  -99  -99  -99  -99  -99  -99  -99  -99 |
5|    0 | 1861 |    1 |   65 |    0 |    0 |    0 |    0 |    0 |
#
1|    1 |   34 |  162 |BUDGET2 BIMOLECULAR RXNS BUDGET 4   |
2|    2 |    0 |    1 |    1 |    2 |   10 |   11 |    0 |    0 |    0 |    0 |
3| 000000000000000000000000000000 | 00000000000000000001 |    3 |
4|    1 |    0 | -99  -99  -99  -99  -99  -99  -99  -99  -99  -99 |
5|    0 | 1861 |    1 |   65 |    0 |    0 |    0 |    0 |    0 |
#
1|    1 |   34 |  163 |BUDGET2 BIMOLECULAR RXNS BUDGET 5   |
2|    2 |    0 |    1 |    1 |    2 |   10 |   11 |    0 |    0 |    0 |    0 |
3| 000000000000000000000000000000 | 00000000000000000001 |    3 |
4|    1 |    0 | -99  -99  -99  -99  -99  -99  -99  -99  -99  -99 |
5|    0 | 1861 |    1 |   65 |    0 |    0 |    0 |    0 |    0 |
#
1|    1 |   34 |  164 |BUDGET2 TERMOLECULAR RXNS BUDGET    |
2|    2 |    0 |    1 |    1 |    2 |   10 |   11 |    0 |    0 |    0 |    0 |
3| 000000000000000000000000000000 | 00000000000000000001 |    3 |
4|    1 |    0 | -99  -99  -99  -99  -99  -99  -99  -99  -99  -99 |
5|    0 | 1861 |    1 |   65 |    0 |    0 |    0 |    0 |    0 |
#
1|    1 |   34 |  165 |BUDGET2 HETEROGENEOUS RXNS BUDGET   |
2|    2 |    0 |    1 |    1 |    2 |   10 |   11 |    0 |    0 |    0 |    0 |
3| 000000000000000000000000000000 | 00000000000000000001 |    3 |
4|    1 |    0 | -99  -99  -99  -99  -99  -99  -99  -99  -99  -99 |
5|    0 | 1861 |    1 |   65 |    0 |    0 |    0 |    0 |    0 |
#
1|    1 |   34 |  166 |BUDGET2 DRY DEPOSITION BUDGET       |
2|    2 |    0 |    1 |    1 |    2 |   10 |   11 |    0 |    0 |    0 |    0 |
3| 000000000000000000000000000000 | 00000000000000000001 |    3 |
4|    1 |    0 | -99  -99  -99  -99  -99  -99  -99  -99  -99  -99 |
5|    0 |  596 |    1 |   65 |    0 |    0 |    0 |    0 |    0 |
#
1|    1 |   34 |  167 |BUDGET2 WET DEPOSITION BUDGET       |
2|    2 |    0 |    1 |    1 |    2 |   10 |   11 |    0 |    0 |    0 |    0 |
3| 000000000000000000000000000000 | 00000000000000000001 |    3 |
4|    1 |    0 | -99  -99  -99  -99  -99  -99  -99  -99  -99  -99 |
5|    0 |  597 |    1 |   65 |    0 |    0 |    0 |    0 |    0 |
#
1|    1 |   34 |  168 |BUDGET2 ABUNDANCE 1                 |
2|    2 |    0 |    1 |    1 |    2 |   10 |   11 |    0 |    0 |    0 |    0 |
3| 000000000000000000000000000000 | 00000000000000000001 |    3 |
4|    1 |    0 | -99  -99  -99  -99  -99  -99  -99  -99  -99  -99 |
5|    0 |  598 |    1 |   65 |    0 |    0 |    0 |    0 |    0 |
#
1|    1 |   34 |  169 |BUDGET2 ABUNDANCE 2                 |
2|    2 |    0 |    1 |    1 |    2 |   10 |   11 |    0 |    0 |    0 |    0 |
3| 000000000000000000000000000000 | 00000000000000000001 |    3 |
4|    1 |    0 | -99  -99  -99  -99  -99  -99  -99  -99  -99  -99 |
5|    0 |  599 |    1 |   65 |    0 |    0 |    0 |    0 |    0 |
#
1|    1 |   34 |  170 |AEROSOL SURFACE AREA                |
2|    2 |    0 |    1 |    1 |    2 |   10 |   11 |    0 |    0 |    0 |    0 |
3| 000000000000000000000000000000 | 00000000000000000001 |    3 |
4|    1 |    0 | -99  -99  -99  -99  -99  -99  -99  -99  -99  -99 |
5|    0 |  600 |    1 |   65 |    0 |    0 |    0 |    0 |    0 |
#
1|    1 |   34 |  171 |NAT PSC MMR                         |
2|    2 |    0 |    1 |    1 |    2 |   10 |   11 |    0 |    0 |    0 |    0 |
3| 000000000000000000000000000000 | 00000000000000000001 |    3 |
4|    1 |    0 | -99  -99  -99  -99  -99  -99  -99  -99  -99  -99 |
5|    0 |  601 |    1 |   65 |    0 |    0 |    0 |    0 |    0 |
#
1|    1 |   34 |  172 |OZONE COLUMN                        |
2|    2 |    0 |    1 |    1 |    2 |   10 |   11 |    0 |    0 |    0 |    0 |
3| 000000000000000000000000000000 | 00000000000000000001 |    3 |
4|    1 |    0 | -99  -99  -99  -99  -99  -99  -99  -99  -99  -99 |
5|    0 |  602 |    1 |   65 |    0 |    0 |    0 |    0 |    0 |
#
1|    1 |   34 |  301 |Ox PROD: HO2+NO                     |
2|    0 |    0 |    1 |    1 |    2 |   10 |   11 |    0 |    0 |    0 |    0 |
3| 000000000000000000000000000000 | 00000000000000000001 |    3 |
4|    1 |    0 | -99  -99  -99  -99  -99  -99  -99  -99  -99  -99 |
5|    0 |  581 |    1 |   65 |    0 |    0 |    0 |    0 |    0 |
#
1|    1 |   34 |  302 |Ox PROD: MeOO+NO                    |
2|    0 |    0 |    1 |    1 |    2 |   10 |   11 |    0 |    0 |    0 |    0 |
3| 000000000000000000000000000000 | 00000000000000000001 |    3 |
4|    1 |    0 | -99  -99  -99  -99  -99  -99  -99  -99  -99  -99 |
5|    0 |  582 |    1 |   65 |    0 |    0 |    0 |    0 |    0 |
#
1|    1 |   34 |  303 |Ox PROD: NO+RO2                     |
2|    0 |    0 |    1 |    1 |    2 |   10 |   11 |    0 |    0 |    0 |    0 |
3| 000000000000000000000000000000 | 00000000000000000001 |    3 |
4|    1 |    0 | -99  -99  -99  -99  -99  -99  -99  -99  -99  -99 |
5|    0 |  583 |    1 |   65 |    0 |    0 |    0 |    0 |    0 |
#
1|    1 |   34 |  304 |Ox PROD: OH+INORGANIC ACID          |
2|    0 |    0 |    1 |    1 |    2 |   10 |   11 |    0 |    0 |    0 |    0 |
3| 000000000000000000000000000000 | 00000000000000000001 |    3 |
4|    1 |    0 | -99  -99  -99  -99  -99  -99  -99  -99  -99  -99 |
5|    0 |  584 |    1 |   65 |    0 |    0 |    0 |    0 |    0 |
#
1|    1 |   34 |  305 |Ox PROD: OH+ORGANIC NITRATE         |
2|    0 |    0 |    1 |    1 |    2 |   10 |   11 |    0 |    0 |    0 |    0 |
3| 000000000000000000000000000000 | 00000000000000000001 |    3 |
4|    1 |    0 | -99  -99  -99  -99  -99  -99  -99  -99  -99  -99 |
5|    0 |  585 |    1 |   65 |    0 |    0 |    0 |    0 |    0 |
#
1|    1 |   34 |  306 |Ox PROD: ORGANIC NITRATE PHOTOLYSIS |
2|    0 |    0 |    1 |    1 |    2 |   10 |   11 |    0 |    0 |    0 |    0 |
3| 000000000000000000000000000000 | 00000000000000000001 |    3 |
4|    1 |    0 | -99  -99  -99  -99  -99  -99  -99  -99  -99  -99 |
5|    0 |  586 |    1 |   65 |    0 |    0 |    0 |    0 |    0 |
#
1|    1 |   34 |  307 |Ox PROD: OH + PAN-TYPE REACTIONS    |
2|    0 |    0 |    1 |    1 |    2 |   10 |   11 |    0 |    0 |    0 |    0 |
3| 000000000000000000000000000000 | 00000000000000000001 |    3 |
4|    1 |    0 | -99  -99  -99  -99  -99  -99  -99  -99  -99  -99 |
5|    0 |  587 |    1 |   65 |    0 |    0 |    0 |    0 |    0 |
#
1|    1 |   34 |  311 |Ox LOSS: O(1D)+H2O                  |
2|    0 |    0 |    1 |    1 |    2 |   10 |   11 |    0 |    0 |    0 |    0 |
3| 000000000000000000000000000000 | 00000000000000000001 |    3 |
4|    1 |    0 | -99  -99  -99  -99  -99  -99  -99  -99  -99  -99 |
5|    0 |  591 |    1 |   65 |    0 |    0 |    0 |    0 |    0 |
#
1|    1 |   34 |  312 |Ox LOSS: MINOR LOSS REACTIONS       |
2|    0 |    0 |    1 |    1 |    2 |   10 |   11 |    0 |    0 |    0 |    0 |
3| 000000000000000000000000000000 | 00000000000000000001 |    3 |
4|    1 |    0 | -99  -99  -99  -99  -99  -99  -99  -99  -99  -99 |
5|    0 |  592 |    1 |   65 |    0 |    0 |    0 |    0 |    0 |
#
1|    1 |   34 |  313 |Ox LOSS: HO2+O3                     |
2|    0 |    0 |    1 |    1 |    2 |   10 |   11 |    0 |    0 |    0 |    0 |
3| 000000000000000000000000000000 | 00000000000000000001 |    3 |
4|    1 |    0 | -99  -99  -99  -99  -99  -99  -99  -99  -99  -99 |
5|    0 |  593 |    1 |   65 |    0 |    0 |    0 |    0 |    0 |
#
1|    1 |   34 |  314 |Ox LOSS: OH+O3                      |
2|    0 |    0 |    1 |    1 |    2 |   10 |   11 |    0 |    0 |    0 |    0 |
3| 000000000000000000000000000000 | 00000000000000000001 |    3 |
4|    1 |    0 | -99  -99  -99  -99  -99  -99  -99  -99  -99  -99 |
5|    0 |  594 |    1 |   65 |    0 |    0 |    0 |    0 |    0 |
#
1|    1 |   34 |  315 |Ox LOSS: O3+ALKENE                  |
2|    0 |    0 |    1 |    1 |    2 |   10 |   11 |    0 |    0 |    0 |    0 |
3| 000000000000000000000000000000 | 00000000000000000001 |    3 |
4|    1 |    0 | -99  -99  -99  -99  -99  -99  -99  -99  -99  -99 |
5|    0 |  595 |    1 |   65 |    0 |    0 |    0 |    0 |    0 |
#
1|    1 |   34 |  316 |Ox LOSS: N2O5+H2O                   |
2|    0 |    0 |    1 |    1 |    2 |   10 |   11 |    0 |    0 |    0 |    0 |
3| 000000000000000000000000000000 | 00000000000000000001 |    3 |
4|    1 |    0 | -99  -99  -99  -99  -99  -99  -99  -99  -99  -99 |
5|    0 |  596 |    1 |   65 |    0 |    0 |    0 |    0 |    0 |
#
1|    1 |   34 |  317 |Ox LOSS: NO3 CHEMICAL LOSS          |
2|    0 |    0 |    1 |    1 |    2 |   10 |   11 |    0 |    0 |    0 |    0 |
3| 000000000000000000000000000000 | 00000000000000000001 |    3 |
4|    1 |    0 | -99  -99  -99  -99  -99  -99  -99  -99  -99  -99 |
5|    0 |  597 |    1 |   65 |    0 |    0 |    0 |    0 |    0 |
#
1|    1 |   34 |  321 |Ox BUDGET: O3 DRY DEPOSITION (2D)   |
2|    0 |    0 |    1 |    1 |    5 |   -1 |   -1 |    0 |    0 |    0 |    0 |
3| 000000000000000000000000000000 | 00000000000000000001 |    3 |
4|    1 |    0 | -99  -99  -99  -99  -99  -99  -99  -99  -99  -99 |
5|    0 |  601 |    1 |  129 |    0 |    0 |    0 |    0 |    0 |
#
1|    1 |   34 |  322 |Ox BUDGET: NOy DRY DEPOSITION (2D)  |
2|    0 |    0 |    1 |    1 |    5 |   -1 |   -1 |    0 |    0 |    0 |    0 |
3| 000000000000000000000000000000 | 00000000000000000001 |    3 |
4|    1 |    0 | -99  -99  -99  -99  -99  -99  -99  -99  -99  -99 |
5|    0 |  602 |    1 |  129 |    0 |    0 |    0 |    0 |    0 |
#
1|    1 |   34 |  331 |Ox BUDGET: NOy WET DEPOSITION (3D)  |
2|    0 |    0 |    1 |    1 |    2 |   10 |   11 |    0 |    0 |    0 |    0 |
3| 000000000000000000000000000000 | 00000000000000000001 |    3 |
4|    1 |    0 | -99  -99  -99  -99  -99  -99  -99  -99  -99  -99 |
5|    0 |  611 |    1 |   65 |    0 |    0 |    0 |    0 |    0 |
#
1|    1 |   34 |  341 |RXN FLUX: OH+CH4 (CH4 LIFETIME) TROP|
2|    0 |    0 |    1 |    1 |    2 |   10 |   11 |    0 |    0 |    0 |    0 |
3| 000000000000000000000000000000 | 00000000000000000001 |    3 |
4|    1 |    0 | -99  -99  -99  -99  -99  -99  -99  -99  -99  -99 |
5|    0 |  621 |    1 |   65 |    0 |    0 |    0 |    0 |    0 |
#
1|    1 |   34 |  342 |RXN FLUX: NO3+C5H8->ISON            |
2|    0 |    0 |    1 |    1 |    2 |   10 |   11 |    0 |    0 |    0 |    0 |
3| 000000000000000000000000000000 | 00000000000000000001 |    3 |
4|    1 |    0 | -99  -99  -99  -99  -99  -99  -99  -99  -99  -99 |
5|    0 |  622 |    1 |   65 |    0 |    0 |    0 |    0 |    0 |
#
1|    1 |   34 |  343 |RXN FLUX: NO+ISO2->ISON             |
2|    0 |    0 |    1 |    1 |    2 |   10 |   11 |    0 |    0 |    0 |    0 |
3| 000000000000000000000000000000 | 00000000000000000001 |    3 |
4|    1 |    0 | -99  -99  -99  -99  -99  -99  -99  -99  -99  -99 |
5|    0 |  623 |    1 |   65 |    0 |    0 |    0 |    0 |    0 |
#
1|    1 |   34 |  344 |RXN FLUX: H2O2 PRODUCTION           |
2|    0 |    0 |    1 |    1 |    2 |   10 |   11 |    0 |    0 |    0 |    0 |
3| 000000000000000000000000000000 | 00000000000000000001 |    3 |
4|    1 |    0 | -99  -99  -99  -99  -99  -99  -99  -99  -99  -99 |
5|    0 |  624 |    1 |   65 |    0 |    0 |    0 |    0 |    0 |
#
1|    1 |   34 |  345 |RXN FLUX: ROOH PRODUCTION           |
2|    0 |    0 |    1 |    1 |    2 |   10 |   11 |    0 |    0 |    0 |    0 |
3| 000000000000000000000000000000 | 00000000000000000001 |    3 |
4|    1 |    0 | -99  -99  -99  -99  -99  -99  -99  -99  -99  -99 |
5|    0 |  625 |    1 |   65 |    0 |    0 |    0 |    0 |    0 |
#
1|    1 |   34 |  346 |RXN FLUX: HONO2 PRODUCTION (HNO3)   |
2|    0 |    0 |    1 |    1 |    2 |   10 |   11 |    0 |    0 |    0 |    0 |
3| 000000000000000000000000000000 | 00000000000000000001 |    3 |
4|    1 |    0 | -99  -99  -99  -99  -99  -99  -99  -99  -99  -99 |
5|    0 |  626 |    1 |   65 |    0 |    0 |    0 |    0 |    0 |
#
1|    1 |   34 |  351 |STE: O3                             |
2|    0 |    0 |    1 |    1 |    2 |   10 |   11 |    0 |    0 |    0 |    0 |
3| 000000000000000000000000000000 | 00000000000000000001 |    3 |
4|    1 |    0 | -99  -99  -99  -99  -99  -99  -99  -99  -99  -99 |
5|    0 |  631 |    1 |   65 |    0 |    0 |    0 |    0 |    0 |
#
1|    1 |   34 |  352 |TENDENCY: O3 (TROP ONLY)            |
2|    0 |    0 |    1 |    1 |    2 |   10 |   11 |    0 |    0 |    0 |    0 |
3| 000000000000000000000000000000 | 00000000000000000001 |    3 |
4|    1 |    0 | -99  -99  -99  -99  -99  -99  -99  -99  -99  -99 |
5|    0 |  632 |    1 |   65 |    0 |    0 |    0 |    0 |    0 |
#
1|    1 |   34 |  353 |TROPOSPHERIC O3                     |
2|    0 |    0 |    1 |    1 |    2 |   10 |   11 |    0 |    0 |    0 |    0 |
3| 000000000000000000000000000000 | 00000000000000000001 |    3 |
4|    1 |    0 | -99  -99  -99  -99  -99  -99  -99  -99  -99  -99 |
5|    0 |  633 |    1 |   65 |    0 |    0 |    0 |    0 |    0 |
#
1|    1 |   34 |  354 |TENDENCY: O3 (WHOLE ATMOS)          |
2|    0 |    0 |    1 |    1 |    2 |   10 |   11 |    0 |    0 |    0 |    0 |
3| 000000000000000000000000000000 | 00000000000000000001 |    3 |
4|    1 |    0 | -99  -99  -99  -99  -99  -99  -99  -99  -99  -99 |
5|    0 |  634 |    1 |   65 |    0 |    0 |    0 |    0 |    0 |
#
1|    1 |   34 |  361 |AIR MASS DIAGNOSTIC (TROP ONLY)     |
2|    0 |    0 |    1 |    1 |    2 |   10 |   11 |    0 |    0 |    0 |    0 |
3| 000000000000000000000000000000 | 00000000000000000001 |    3 |
4|    1 |    0 | -99  -99  -99  -99  -99  -99  -99  -99  -99  -99 |
5|    0 |  641 |    1 |   65 |    0 |    0 |    0 |    0 |    0 |
#
1|    1 |   34 |  362 |TROPOSPHERIC MASK                   |
2|    0 |    0 |    1 |    1 |    2 |   10 |   11 |    0 |    0 |    0 |    0 |
3| 000000000000000000000000000000 | 00000000000000000001 |    3 |
4|    1 |    0 | -99  -99  -99  -99  -99  -99  -99  -99  -99  -99 |
5|    0 |  642 |    1 |   65 |    0 |    0 |    0 |    0 |    0 |
#
1|    1 |   34 |  363 |AIR MASS DIAGNOSTIC (WHOLE ATMOS)   |
2|    0 |    0 |    1 |    1 |    2 |   10 |   11 |    0 |    0 |    0 |    0 |
3| 000000000000000000000000000000 | 00000000000000000001 |    3 |
4|    1 |    0 | -99  -99  -99  -99  -99  -99  -99  -99  -99  -99 |
5|    0 |  643 |    1 |   65 |    0 |    0 |    0 |    0 |    0 |
#
1|    1 |   34 |  371 |CO BUDGET: CO LOSS VIA OH+CO        |
2|    0 |    0 |    1 |    1 |    2 |   10 |   11 |    0 |    0 |    0 |    0 |
3| 000000000000000000000000000000 | 00000000000000000001 |    3 |
4|    1 |    0 | -99  -99  -99  -99  -99  -99  -99  -99  -99  -99 |
5|    0 |  651 |    1 |   65 |    0 |    0 |    0 |    0 |    0 |
#
1|    1 |   34 |  372 |CO BUDGET: CO PROD VIA HCHO+OH/NO3  |
2|    0 |    0 |    1 |    1 |    2 |   10 |   11 |    0 |    0 |    0 |    0 |
3| 000000000000000000000000000000 | 00000000000000000001 |    3 |
4|    1 |    0 | -99  -99  -99  -99  -99  -99  -99  -99  -99  -99 |
5|    0 |  652 |    1 |   65 |    0 |    0 |    0 |    0 |    0 |
#
1|    1 |   34 |  373 |CO BUDGET: CO PROD VIA MGLY+OH/NO3  |
2|    0 |    0 |    1 |    1 |    2 |   10 |   11 |    0 |    0 |    0 |    0 |
3| 000000000000000000000000000000 | 00000000000000000001 |    3 |
4|    1 |    0 | -99  -99  -99  -99  -99  -99  -99  -99  -99  -99 |
5|    0 |  653 |    1 |   65 |    0 |    0 |    0 |    0 |    0 |
#
1|    1 |   34 |  374 |CO BUDGET: CO MISC PROD&O3+MACR/ISOP|
2|    0 |    0 |    1 |    1 |    2 |   10 |   11 |    0 |    0 |    0 |    0 |
3| 000000000000000000000000000000 | 00000000000000000001 |    3 |
4|    1 |    0 | -99  -99  -99  -99  -99  -99  -99  -99  -99  -99 |
5|    0 |  654 |    1 |   65 |    0 |    0 |    0 |    0 |    0 |
#
1|    1 |   34 |  375 |CO BUDGET: CO PROD VIA HCHO PHOT RAD|
2|    0 |    0 |    1 |    1 |    2 |   10 |   11 |    0 |    0 |    0 |    0 |
3| 000000000000000000000000000000 | 00000000000000000001 |    3 |
4|    1 |    0 | -99  -99  -99  -99  -99  -99  -99  -99  -99  -99 |
5|    0 |  655 |    1 |   65 |    0 |    0 |    0 |    0 |    0 |
#
1|    1 |   34 |  376 |CO BUDGET: CO PROD VIA HCHO PHOT MOL|
2|    0 |    0 |    1 |    1 |    2 |   10 |   11 |    0 |    0 |    0 |    0 |
3| 000000000000000000000000000000 | 00000000000000000001 |    3 |
4|    1 |    0 | -99  -99  -99  -99  -99  -99  -99  -99  -99  -99 |
5|    0 |  656 |    1 |   65 |    0 |    0 |    0 |    0 |    0 |
#
1|    1 |   34 |  377 |CO BUDGET: CO PROD VIA MGLY PHOTOL  |
2|    0 |    0 |    1 |    1 |    2 |   10 |   11 |    0 |    0 |    0 |    0 |
3| 000000000000000000000000000000 | 00000000000000000001 |    3 |
4|    1 |    0 | -99  -99  -99  -99  -99  -99  -99  -99  -99  -99 |
5|    0 |  657 |    1 |   65 |    0 |    0 |    0 |    0 |    0 |
#
1|    1 |   34 |  378 |CO BUDGET: CO PROD VIA MISC PHOTOL  |
2|    0 |    0 |    1 |    1 |    2 |   10 |   11 |    0 |    0 |    0 |    0 |
3| 000000000000000000000000000000 | 00000000000000000001 |    3 |
4|    1 |    0 | -99  -99  -99  -99  -99  -99  -99  -99  -99  -99 |
5|    0 |  658 |    1 |   65 |    0 |    0 |    0 |    0 |    0 |
#
1|    1 |   34 |  379 |CO BUDGET: CO DRY DEPOSITION (2D)   |
2|    0 |    0 |    1 |    1 |    5 |   -1 |   -1 |    0 |    0 |    0 |    0 |
3| 000000000000000000000000000000 | 00000000000000000001 |    3 |
4|    1 |    0 | -99  -99  -99  -99  -99  -99  -99  -99  -99  -99 |
5|    0 |  659 |    1 |  129 |    0 |    0 |    0 |    0 |    0 |
#
1|    1 |   34 |  381 |LIGHTNING NOx EMISSIONS 3D          |
2|    0 |    0 |    1 |    1 |    2 |   10 |   11 |    0 |    0 |    0 |    0 |
3| 000000000000000000000000000000 | 00000000000000000001 |    3 |
4|    1 |    0 | -99  -99  -99  -99  -99  -99  -99  -99  -99  -99 |
5|    0 |  661 |    1 |   65 |    0 |    0 |    0 |    0 |    0 |
#
1|    1 |   34 |  382 |LIGHTNING DIAGNOSTIC: TOT FLASHES 2D|
2|    0 |    0 |    1 |    1 |    5 |   -1 |   -1 |    0 |    0 |    0 |    0 |
3| 000000000000000000000000000000 | 00000000000000000001 |    3 |
4|    1 |    0 | -99  -99  -99  -99  -99  -99  -99  -99  -99  -99 |
5|    0 |  662 |    1 |  129 |    0 |    0 |    0 |    0 |    0 |
#
1|    1 |   34 |  383 |LIGHTNING DIAG: CLD TO GRND FLSH 2D |
2|    0 |    0 |    1 |    1 |    5 |   -1 |   -1 |    0 |    0 |    0 |    0 |
3| 000000000000000000000000000000 | 00000000000000000001 |    3 |
4|    1 |    0 | -99  -99  -99  -99  -99  -99  -99  -99  -99  -99 |
5|    0 |  663 |    1 |  129 |    0 |    0 |    0 |    0 |    0 |
#
1|    1 |   34 |  384 |LIGHTNING DIAG: CLD TO CLD FLSH 2D  |
2|    0 |    0 |    1 |    1 |    5 |   -1 |   -1 |    0 |    0 |    0 |    0 |
3| 000000000000000000000000000000 | 00000000000000000001 |    3 |
4|    1 |    0 | -99  -99  -99  -99  -99  -99  -99  -99  -99  -99 |
5|    0 |  664 |    1 |  129 |    0 |    0 |    0 |    0 |    0 |
#
1|    1 |   34 |  385 |LIGHTNING DIAG: TOTAL N PRODUCED 2D |
2|    0 |    0 |    1 |    1 |    5 |   -1 |   -1 |    0 |    0 |    0 |    0 |
3| 000000000000000000000000000000 | 00000000000000000001 |    3 |
4|    1 |    0 | -99  -99  -99  -99  -99  -99  -99  -99  -99  -99 |
5|    0 |  665 |    1 |  129 |    0 |    0 |    0 |    0 |    0 |
#
1|    1 |   34 |  386 |LIGHTNING N IN kg(N)/km^2/s         |
2|    0 |    0 |    1 |    1 |    2 |   10 |   11 |    0 |    0 |    0 |    0 |
3| 000000000000000000000000000000 | 00000000000000000001 |    3 |
4|    1 |    0 | -99  -99  -99  -99  -99  -99  -99  -99  -99  -99 |
5|    0 |  666 |    1 |   65 |    0 |    0 |    0 |    0 |    0 |
#
1|    1 |   34 |  391 |STRATOSPHERIC OH PRODUCTION         |
2|    0 |    0 |    1 |    1 |    2 |   10 |   11 |    0 |    0 |    0 |    0 |
3| 000000000000000000000000000000 | 00000000000000000001 |    3 |
4|    1 |    0 | -99  -99  -99  -99  -99  -99  -99  -99  -99  -99 |
5|    0 |  671 |    1 |   65 |    0 |    0 |    0 |    0 |    0 |
#
1|    1 |   34 |  392 |STRATOSPHERIC OH LOSS               |
2|    0 |    0 |    1 |    1 |    2 |   10 |   11 |    0 |    0 |    0 |    0 |
3| 000000000000000000000000000000 | 00000000000000000001 |    3 |
4|    1 |    0 | -99  -99  -99  -99  -99  -99  -99  -99  -99  -99 |
5|    0 |  672 |    1 |   65 |    0 |    0 |    0 |    0 |    0 |
#
1|    1 |   34 |  401 |STRAT O3 PROD: O2+PHOTON->O(3P)+O(3P|
2|    0 |    0 |    1 |    1 |    2 |   10 |   11 |    0 |    0 |    0 |    0 |
3| 000000000000000000000000000000 | 00000000000000000001 |    3 |
4|    1 |    0 | -99  -99  -99  -99  -99  -99  -99  -99  -99  -99 |
5|    0 |  681 |    1 |   65 |    0 |    0 |    0 |    0 |    0 |
#
1|    1 |   34 |  402 |STRAT O3 PROD: O2+PHOTON->O(3P)+O(1D|
2|    0 |    0 |    1 |    1 |    2 |   10 |   11 |    0 |    0 |    0 |    0 |
3| 000000000000000000000000000000 | 00000000000000000001 |    3 |
4|    1 |    0 | -99  -99  -99  -99  -99  -99  -99  -99  -99  -99 |
5|    0 |  682 |    1 |   65 |    0 |    0 |    0 |    0 |    0 |
#
1|    1 |   34 |  403 |STRAT O3 PROD: HO2 + NO             |
2|    0 |    0 |    1 |    1 |    2 |   10 |   11 |    0 |    0 |    0 |    0 |
3| 000000000000000000000000000000 | 00000000000000000001 |    3 |
4|    1 |    0 | -99  -99  -99  -99  -99  -99  -99  -99  -99  -99 |
5|    0 |  683 |    1 |   65 |    0 |    0 |    0 |    0 |    0 |
#
1|    1 |   34 |  404 |STRAT O3 PROD: MeOO + NO            |
2|    0 |    0 |    1 |    1 |    2 |   10 |   11 |    0 |    0 |    0 |    0 |
3| 000000000000000000000000000000 | 00000000000000000001 |    3 |
4|    1 |    0 | -99  -99  -99  -99  -99  -99  -99  -99  -99  -99 |
5|    0 |  684 |    1 |   65 |    0 |    0 |    0 |    0 |    0 |
#
1|    1 |   34 |  411 |STRAT O3 LOSS: Cl2O2 + PHOTON       |
2|    0 |    0 |    1 |    1 |    2 |   10 |   11 |    0 |    0 |    0 |    0 |
3| 000000000000000000000000000000 | 00000000000000000001 |    3 |
4|    1 |    0 | -99  -99  -99  -99  -99  -99  -99  -99  -99  -99 |
5|    0 |  691 |    1 |   65 |    0 |    0 |    0 |    0 |    0 |
#
1|    1 |   34 |  412 |STRAT O3 LOSS: BrO + ClO            |
2|    0 |    0 |    1 |    1 |    2 |   10 |   11 |    0 |    0 |    0 |    0 |
3| 000000000000000000000000000000 | 00000000000000000001 |    3 |
4|    1 |    0 | -99  -99  -99  -99  -99  -99  -99  -99  -99  -99 |
5|    0 |  692 |    1 |   65 |    0 |    0 |    0 |    0 |    0 |
#
1|    1 |   34 |  413 |STRAT O3 LOSS: HO2 + O3             |
2|    0 |    0 |    1 |    1 |    2 |   10 |   11 |    0 |    0 |    0 |    0 |
3| 000000000000000000000000000000 | 00000000000000000001 |    3 |
4|    1 |    0 | -99  -99  -99  -99  -99  -99  -99  -99  -99  -99 |
5|    0 |  693 |    1 |   65 |    0 |    0 |    0 |    0 |    0 |
#
1|    1 |   34 |  414 |STRAT O3 LOSS: ClO + HO2            |
2|    0 |    0 |    1 |    1 |    2 |   10 |   11 |    0 |    0 |    0 |    0 |
3| 000000000000000000000000000000 | 00000000000000000001 |    3 |
4|    1 |    0 | -99  -99  -99  -99  -99  -99  -99  -99  -99  -99 |
5|    0 |  694 |    1 |   65 |    0 |    0 |    0 |    0 |    0 |
#
1|    1 |   34 |  415 |STRAT O3 LOSS: BrO + HO2            |
2|    0 |    0 |    1 |    1 |    2 |   10 |   11 |    0 |    0 |    0 |    0 |
3| 000000000000000000000000000000 | 00000000000000000001 |    3 |
4|    1 |    0 | -99  -99  -99  -99  -99  -99  -99  -99  -99  -99 |
5|    0 |  695 |    1 |   65 |    0 |    0 |    0 |    0 |    0 |
#
1|    1 |   34 |  416 |STRAT O3 LOSS: O(3P) + ClO          |
2|    0 |    0 |    1 |    1 |    2 |   10 |   11 |    0 |    0 |    0 |    0 |
3| 000000000000000000000000000000 | 00000000000000000001 |    3 |
4|    1 |    0 | -99  -99  -99  -99  -99  -99  -99  -99  -99  -99 |
5|    0 |  696 |    1 |   65 |    0 |    0 |    0 |    0 |    0 |
#
1|    1 |   34 |  417 |STRAT O3 LOSS: O(3P) + NO2          |
2|    0 |    0 |    1 |    1 |    2 |   10 |   11 |    0 |    0 |    0 |    0 |
3| 000000000000000000000000000000 | 00000000000000000001 |    3 |
4|    1 |    0 | -99  -99  -99  -99  -99  -99  -99  -99  -99  -99 |
5|    0 |  697 |    1 |   65 |    0 |    0 |    0 |    0 |    0 |
#
1|    1 |   34 |  418 |STRAT O3 LOSS: O(3P) + HO2          |
2|    0 |    0 |    1 |    1 |    2 |   10 |   11 |    0 |    0 |    0 |    0 |
3| 000000000000000000000000000000 | 00000000000000000001 |    3 |
4|    1 |    0 | -99  -99  -99  -99  -99  -99  -99  -99  -99  -99 |
5|    0 |  698 |    1 |   65 |    0 |    0 |    0 |    0 |    0 |
#
1|    1 |   34 |  419 |STRAT O3 LOSS: O3 + H               |
2|    0 |    0 |    1 |    1 |    2 |   10 |   11 |    0 |    0 |    0 |    0 |
3| 000000000000000000000000000000 | 00000000000000000001 |    3 |
4|    1 |    0 | -99  -99  -99  -99  -99  -99  -99  -99  -99  -99 |
5|    0 |  699 |    1 |   65 |    0 |    0 |    0 |    0 |    0 |
#
1|    1 |   34 |  420 |STRAT O3 LOSS: O(3P) + O3           |
2|    0 |    0 |    1 |    1 |    2 |   10 |   11 |    0 |    0 |    0 |    0 |
3| 000000000000000000000000000000 | 00000000000000000001 |    3 |
4|    1 |    0 | -99  -99  -99  -99  -99  -99  -99  -99  -99  -99 |
5|    0 |  700 |    1 |   65 |    0 |    0 |    0 |    0 |    0 |
#
1|    1 |   34 |  421 |STRAT O3 LOSS: NO3 + PHOTON         |
2|    0 |    0 |    1 |    1 |    2 |   10 |   11 |    0 |    0 |    0 |    0 |
3| 000000000000000000000000000000 | 00000000000000000001 |    3 |
4|    1 |    0 | -99  -99  -99  -99  -99  -99  -99  -99  -99  -99 |
5|    0 |  701 |    1 |   65 |    0 |    0 |    0 |    0 |    0 |
#
1|    1 |   34 |  422 |STRAT O3 LOSS: O(1D) + H2O          |
2|    0 |    0 |    1 |    1 |    2 |   10 |   11 |    0 |    0 |    0 |    0 |
3| 000000000000000000000000000000 | 00000000000000000001 |    3 |
4|    1 |    0 | -99  -99  -99  -99  -99  -99  -99  -99  -99  -99 |
5|    0 |  702 |    1 |   65 |    0 |    0 |    0 |    0 |    0 |
#
1|    1 |   34 |  423 |STRAT O3 LOSS: HO2 + NO3            |
2|    0 |    0 |    1 |    1 |    2 |   10 |   11 |    0 |    0 |    0 |    0 |
3| 000000000000000000000000000000 | 00000000000000000001 |    3 |
4|    1 |    0 | -99  -99  -99  -99  -99  -99  -99  -99  -99  -99 |
5|    0 |  703 |    1 |   65 |    0 |    0 |    0 |    0 |    0 |
#
1|    1 |   34 |  424 |STRAT O3 LOSS: OH + NO3             |
2|    0 |    0 |    1 |    1 |    2 |   10 |   11 |    0 |    0 |    0 |    0 |
3| 000000000000000000000000000000 | 00000000000000000001 |    3 |
4|    1 |    0 | -99  -99  -99  -99  -99  -99  -99  -99  -99  -99 |
5|    0 |  704 |    1 |   65 |    0 |    0 |    0 |    0 |    0 |
#
1|    1 |   34 |  425 |STRAT O3 LOSS: NO3 + HCHO           |
2|    0 |    0 |    1 |    1 |    2 |   10 |   11 |    0 |    0 |    0 |    0 |
3| 000000000000000000000000000000 | 00000000000000000001 |    3 |
4|    1 |    0 | -99  -99  -99  -99  -99  -99  -99  -99  -99  -99 |
5|    0 |  705 |    1 |   65 |    0 |    0 |    0 |    0 |    0 |
#
1|    1 |   34 |  431 |STRAT MISC: O3 DRY DEPOSITION (2D)  |
2|    0 |    0 |    1 |    1 |    5 |   -1 |   -1 |    0 |    0 |    0 |    0 |
3| 000000000000000000000000000000 | 00000000000000000001 |    3 |
4|    1 |    0 | -99  -99  -99  -99  -99  -99  -99  -99  -99  -99 |
5|    0 |  711 |    1 |  129 |    0 |    0 |    0 |    0 |    0 |
#
1|    1 |   34 |  432 |STRAT MISC: NOy DRY DEPOSITION (2D) |
2|    0 |    0 |    1 |    1 |    5 |   -1 |   -1 |    0 |    0 |    0 |    0 |
3| 000000000000000000000000000000 | 00000000000000000001 |    3 |
4|    1 |    0 | -99  -99  -99  -99  -99  -99  -99  -99  -99  -99 |
5|    0 |  712 |    1 |  129 |    0 |    0 |    0 |    0 |    0 |
#
1|    1 |   34 |  433 |STRAT MISC: NOy WET DEPOSITION (3D) |
2|    0 |    0 |    1 |    1 |    2 |   10 |   11 |    0 |    0 |    0 |    0 |
3| 000000000000000000000000000000 | 00000000000000000001 |    3 |
4|    1 |    0 | -99  -99  -99  -99  -99  -99  -99  -99  -99  -99 |
5|    0 |  713 |    1 |   65 |    0 |    0 |    0 |    0 |    0 |
#
1|    1 |   34 |    1 |O3 MASS MIXING RATIO  AFTER TSTEP   |
2|    2 |    0 |    1 |    1 |    2 |   10 |   11 |    0 |    0 |    0 |    0 |
3| 000000000000000000000000000001 | 00000000000000000001 |    1 |
4|    1 |    0 | -99  -99  -99  -99  -99  -99  -99  -99  -99  -99 |
5|    0 |  501 |    1 |   65 |    0 |    0 |    0 |    0 |    0 |
#
1|    1 |   34 |    2 |NO    MASS MIXING RATIO AFTER TSTEP |
2|    2 |    0 |    1 |    1 |    2 |   10 |   11 |    0 |    0 |    0 |    0 |
3| 000000000000000000000000000002 | 00000000000000000001 |    1 |
4|    1 |    0 | -99  -99  -99  -99  -99  -99  -99  -99  -99  -99 |
5|    0 |  502 |    1 |   65 |    0 |    0 |    0 |    0 |    0 |
#
1|    1 |   34 |    3 |NO3 MASS MIXING RATIO AFTER TSTEP   |
2|    2 |    0 |    1 |    1 |    2 |   10 |   11 |    0 |    0 |    0 |    0 |
3| 000000000000000000000000000003 | 00000000000000000001 |    1 |
4|    1 |    0 | -99  -99  -99  -99  -99  -99  -99  -99  -99  -99 |
5|    0 |  503 |    1 |   65 |    0 |    0 |    0 |    0 |    0 |
#
1|    1 |   34 |    4 |NOy MASS MIXING RATIO AFTER TIMESTEP|
2|    2 |    0 |    1 |    1 |    2 |   10 |   11 |    0 |    0 |    0 |    0 |
3| 000000000000000000000000000004 | 00000000000000000001 |    1 |
4|    1 |    0 | -99  -99  -99  -99  -99  -99  -99  -99  -99  -99 |
5|    0 |  504 |    1 |   65 |    0 |    0 |    0 |    0 |    0 |
#
1|    1 |   34 |    5 |N2O5 MASS MIXING RATIO  AFTER TSTEP |
2|    2 |    0 |    1 |    1 |    2 |   10 |   11 |    0 |    0 |    0 |    0 |
3| 000000000000000000000000000005 | 00000000000000000001 |    1 |
4|    1 |    0 | -99  -99  -99  -99  -99  -99  -99  -99  -99  -99 |
5|    0 |  505 |    1 |   65 |    0 |    0 |    0 |    0 |    0 |
#
1|    1 |   34 |    6 |HO2NO2 MASS MIXING RATIO AFTER TSTEP|
2|    2 |    0 |    1 |    1 |    2 |   10 |   11 |    0 |    0 |    0 |    0 |
3| 000000000000000000000000000006 | 00000000000000000001 |    1 |
4|    1 |    0 | -99  -99  -99  -99  -99  -99  -99  -99  -99  -99 |
5|    0 |  506 |    1 |   65 |    0 |    0 |    0 |    0 |    0 |
#
1|    1 |   34 |    7 |HONO2 MASS MIXING RATIO AFTER TSTEP |
2|    2 |    0 |    1 |    1 |    2 |   10 |   11 |    0 |    0 |    0 |    0 |
3| 000000000000000000000000000007 | 00000000000000000001 |    1 |
4|    1 |    0 | -99  -99  -99  -99  -99  -99  -99  -99  -99  -99 |
5|    0 |  507 |    1 |   65 |    0 |    0 |    0 |    0 |    0 |
#
1|    1 |   34 |    8 |H2O2 MASS MIXING RATIO AFTER TSTEP  |
2|    2 |    0 |    1 |    1 |    2 |   10 |   11 |    0 |    0 |    0 |    0 |
3| 000000000000000000000000000008 | 00000000000000000001 |    1 |
4|    1 |    0 | -99  -99  -99  -99  -99  -99  -99  -99  -99  -99 |
5|    0 |  508 |    1 |   65 |    0 |    0 |    0 |    0 |    0 |
#
1|    1 |   34 |    9 |CH4 MASS MIXING RATIO  AFTER TSTEP  |
2|    2 |    0 |    1 |    1 |    2 |   10 |   11 |    0 |    0 |    0 |    0 |
3| 000000000000000000000000000009 | 00000000000000000001 |    1 |
4|    1 |    0 | -99  -99  -99  -99  -99  -99  -99  -99  -99  -99 |
5|    0 |  509 |    1 |   65 |    0 |    0 |    0 |    0 |    0 |
#
1|    1 |   34 |   10 |CO MASS MIXING RATIO AFTER TSTEP    |
2|    2 |    0 |    1 |    1 |    2 |   10 |   11 |    0 |    0 |    0 |    0 |
3| 000000000000000000000000000010 | 00000000000000000001 |    1 |
4|    1 |    0 | -99  -99  -99  -99  -99  -99  -99  -99  -99  -99 |
5|    0 |  510 |    1 |   65 |    0 |    0 |    0 |    0 |    0 |
#
1|    1 |   34 |   11 |HCHO MASS MIXING RATIO  AFTER TSTEP |
2|    2 |    0 |    1 |    1 |    2 |   10 |   11 |    0 |    0 |    0 |    0 |
3| 000000000000000000000000000011 | 00000000000000000001 |    1 |
4|    1 |    0 | -99  -99  -99  -99  -99  -99  -99  -99  -99  -99 |
5|    0 |  511 |    1 |   65 |    0 |    0 |    0 |    0 |    0 |
#
1|    1 |   34 |   12 |MeOOH MASS MIXING RATIO AFTER TSTEP |
2|    2 |    0 |    1 |    1 |    2 |   10 |   11 |    0 |    0 |    0 |    0 |
3| 000000000000000000000000000012 | 00000000000000000001 |    1 |
4|    1 |    0 | -99  -99  -99  -99  -99  -99  -99  -99  -99  -99 |
5|    0 |  512 |    1 |   65 |    0 |    0 |    0 |    0 |    0 |
#
1|    1 |   34 |   41 |Cl MASS MIXING RATIO AFTER TIMESTEP |
2|    2 |    0 |    1 |    1 |    2 |   10 |   11 |    0 |    0 |    0 |    0 |
3| 000000000000000000000000000041 | 00000000000000000001 |    1 |
4|    1 |    0 | -99  -99  -99  -99  -99  -99  -99  -99  -99  -99 |
5|    0 |  541 |    1 |   65 |    0 |    0 |    0 |    0 |    0 |
#
1|    1 |   34 |   42 |CLO MASS MIXING RATIO AFTER TSTEP   |
2|    2 |    0 |    1 |    1 |    2 |   10 |   11 |    0 |    0 |    0 |    0 |
3| 000000000000000000000000000042 | 00000000000000000001 |    1 |
4|    1 |    0 | -99  -99  -99  -99  -99  -99  -99  -99  -99  -99 |
5|    0 |  542 |    1 |   65 |    0 |    0 |    0 |    0 |    0 |
#
1|    1 |   34 |   43 |Cl2O2 MASS MIXING RATIO AFTER TSTEP |
2|    2 |    0 |    1 |    1 |    2 |   10 |   11 |    0 |    0 |    0 |    0 |
3| 000000000000000000000000000043 | 00000000000000000001 |    1 |
4|    1 |    0 | -99  -99  -99  -99  -99  -99  -99  -99  -99  -99 |
5|    0 |  543 |    1 |   65 |    0 |    0 |    0 |    0 |    0 |
#
1|    1 |   34 |   44 |OCLO MASS MIXING RATIO AFTER TSTEP  |
2|    2 |    0 |    1 |    1 |    2 |   10 |   11 |    0 |    0 |    0 |    0 |
3| 000000000000000000000000000044 | 00000000000000000001 |    1 |
4|    1 |    0 | -99  -99  -99  -99  -99  -99  -99  -99  -99  -99 |
5|    0 |  544 |    1 |   65 |    0 |    0 |    0 |    0 |    0 |
#
1|    1 |   34 |   45 |Br MASS MIXING RATIO AFTER TIMESTEP |
2|    2 |    0 |    1 |    1 |    2 |   10 |   11 |    0 |    0 |    0 |    0 |
3| 000000000000000000000000000045 | 00000000000000000001 |    1 |
4|    1 |    0 | -99  -99  -99  -99  -99  -99  -99  -99  -99  -99 |
5|    0 |  545 |    1 |   65 |    0 |    0 |    0 |    0 |    0 |
#
1|    1 |   34 |   46 |TOTAL Br (AS BrO) MMR AFTER TIMESTEP|
2|    2 |    0 |    1 |    1 |    2 |   10 |   11 |    0 |    0 |    0 |    0 |
3| 000000000000000000000000000046 | 00000000000000000001 |    1 |
4|    1 |    0 | -99  -99  -99  -99  -99  -99  -99  -99  -99  -99 |
5|    0 |  546 |    1 |   65 |    0 |    0 |    0 |    0 |    0 |
#
1|    1 |   34 |   47 |BrCl  MASS MIXING RATIO AFTER TSTEP |
2|    2 |    0 |    1 |    1 |    2 |   10 |   11 |    0 |    0 |    0 |    0 |
3| 000000000000000000000000000047 | 00000000000000000001 |    1 |
4|    1 |    0 | -99  -99  -99  -99  -99  -99  -99  -99  -99  -99 |
5|    0 |  547 |    1 |   65 |    0 |    0 |    0 |    0 |    0 |
#
1|    1 |   34 |   48 |BrONO2 MASS MIXING RATIO AFTER TSTEP|
2|    2 |    0 |    1 |    1 |    2 |   10 |   11 |    0 |    0 |    0 |    0 |
3| 000000000000000000000000000048 | 00000000000000000001 |    1 |
4|    1 |    0 | -99  -99  -99  -99  -99  -99  -99  -99  -99  -99 |
5|    0 |  548 |    1 |   65 |    0 |    0 |    0 |    0 |    0 |
#
1|    1 |   34 |   49 |N2O  MASS MIXING RATIO AFTER TSTEP  |
2|    2 |    0 |    1 |    1 |    2 |   10 |   11 |    0 |    0 |    0 |    0 |
3| 000000000000000000000000000049 | 00000000000000000001 |    1 |
4|    1 |    0 | -99  -99  -99  -99  -99  -99  -99  -99  -99  -99 |
5|    0 |  549 |    1 |   65 |    0 |    0 |    0 |    0 |    0 |
#
1|    1 |   34 |   50 |TOTAL Cl (AS HCl) MMR AFTER TIMESTEP|
2|    2 |    0 |    1 |    1 |    2 |   10 |   11 |    0 |    0 |    0 |    0 |
3| 000000000000000000000000000050 | 00000000000000000001 |    1 |
4|    1 |    0 | -99  -99  -99  -99  -99  -99  -99  -99  -99  -99 |
5|    0 |  550 |    1 |   65 |    0 |    0 |    0 |    0 |    0 |
#
1|    1 |   34 |   51 |HOCl    MASS MIXING RATIO AFTER TS  |
2|    2 |    0 |    1 |    1 |    2 |   10 |   11 |    0 |    0 |    0 |    0 |
3| 000000000000000000000000000051 | 00000000000000000001 |    1 |
4|    1 |    0 | -99  -99  -99  -99  -99  -99  -99  -99  -99  -99 |
5|    0 |  551 |    1 |   65 |    0 |    0 |    0 |    0 |    0 |
#
1|    1 |   34 |   52 |HBr   MASS MIXING RATIO AFTER TSTEP |
2|    2 |    0 |    1 |    1 |    2 |   10 |   11 |    0 |    0 |    0 |    0 |
3| 000000000000000000000000000052 | 00000000000000000001 |    1 |
4|    1 |    0 | -99  -99  -99  -99  -99  -99  -99  -99  -99  -99 |
5|    0 |  552 |    1 |   65 |    0 |    0 |    0 |    0 |    0 |
#
1|    1 |   34 |   53 |HOBr  MASS MIXING RATIO AFTER TSTEP |
2|    2 |    0 |    1 |    1 |    2 |   10 |   11 |    0 |    0 |    0 |    0 |
3| 000000000000000000000000000053 | 00000000000000000001 |    1 |
4|    1 |    0 | -99  -99  -99  -99  -99  -99  -99  -99  -99  -99 |
5|    0 |  553 |    1 |   65 |    0 |    0 |    0 |    0 |    0 |
#
1|    1 |   34 |   54 |ClONO2     MASS MIXING RATIO AFTER T|
2|    2 |    0 |    1 |    1 |    2 |   10 |   11 |    0 |    0 |    0 |    0 |
3| 000000000000000000000000000054 | 00000000000000000001 |    1 |
4|    1 |    0 | -99  -99  -99  -99  -99  -99  -99  -99  -99  -99 |
5|    0 |  554 |    1 |   65 |    0 |    0 |    0 |    0 |    0 |
#
1|    1 |   34 |   55 |CFCL3 MASS MIXING RATIO AFTER TSTEP |
2|    2 |    0 |    1 |    1 |    2 |   10 |   11 |    0 |    0 |    0 |    0 |
3| 000000000000000000000000000055 | 00000000000000000001 |    1 |
4|    1 |    0 | -99  -99  -99  -99  -99  -99  -99  -99  -99  -99 |
5|    0 |  555 |    1 |   65 |    0 |    0 |    0 |    0 |    0 |
#
1|    1 |   34 |   56 |CF2CL2 MASS MIXING RATIO AFTER TSTEP|
2|    2 |    0 |    1 |    1 |    2 |   10 |   11 |    0 |    0 |    0 |    0 |
3| 000000000000000000000000000056 | 00000000000000000001 |    1 |
4|    1 |    0 | -99  -99  -99  -99  -99  -99  -99  -99  -99  -99 |
5|    0 |  556 |    1 |   65 |    0 |    0 |    0 |    0 |    0 |
#
1|    1 |   34 |   57 |MeBR MASS MIXING RATIO AFTER TSTEP  |
2|    2 |    0 |    1 |    1 |    2 |   10 |   11 |    0 |    0 |    0 |    0 |
3| 000000000000000000000000000057 | 00000000000000000001 |    1 |
4|    1 |    0 | -99  -99  -99  -99  -99  -99  -99  -99  -99  -99 |
5|    0 |  557 |   01 |   65 |    0 |    0 |    0 |    0 |    0 |
#
1|    1 |   34 |   58 |N       MASS MIXING RATIO AFTER TS  |
2|    2 |    0 |    1 |    1 |    2 |   10 |   11 |    0 |    0 |    0 |    0 |
3| 000000000000000000000000000058 | 00000000000000000001 |    1 |
4|    1 |    0 | -99  -99  -99  -99  -99  -99  -99  -99  -99  -99 |
5|    0 |  558 |    1 |   65 |    0 |    0 |    0 |    0 |    0 |
#
1|    1 |   34 |   59 |O3P  MASS MIXING RATIO AFTER TSTEP  |
2|    2 |    0 |    1 |    1 |    2 |   10 |   11 |    0 |    0 |    0 |    0 |
3| 000000000000000000000000000059 | 00000000000000000001 |    1 |
4|    1 |    0 | -99  -99  -99  -99  -99  -99  -99  -99  -99  -99 |
5|    0 |  559 |    1 |   65 |    0 |    0 |    0 |    0 |    0 |
#
1|    1 |   34 |   70 |H2    MASS MIXING RATIO AFTER TSTEP |
2|    2 |    0 |    1 |    1 |    2 |   10 |   11 |    0 |    0 |    0 |    0 |
3| 000000000000000000000000000070 | 00000000000000000001 |    1 |
4|    1 |    0 | -99  -99  -99  -99  -99  -99  -99  -99  -99  -99 |
5|    0 |  570 |    1 |   65 |    0 |    0 |    0 |    0 |    0 |
#
1|    1 |   34 |   80 |H MASS MIXING RATIO AFTER TIMESTEP  |
2|    2 |    0 |    1 |    1 |    2 |   10 |   11 |    0 |    0 |    0 |    0 |
3| 000000000000000000000000000080 | 00000000000000000001 |    1 |
4|    1 |    0 | -99  -99  -99  -99  -99  -99  -99  -99  -99  -99 |
5|    0 |  580 |    1 |   65 |    0 |    0 |    0 |    0 |    0 |
#
1|    1 |   34 |   81 |OH MASS MIXING RATIO AFTER TIMESTEP |
2|    2 |    0 |    1 |    1 |    2 |   10 |   11 |    0 |    0 |    0 |    0 |
3| 000000000000000000000000000081 | 00000000000000000001 |    1 |
4|    1 |    0 | -99  -99  -99  -99  -99  -99  -99  -99  -99  -99 |
5|    0 |  581 |    1 |   65 |    0 |    0 |    0 |    0 |    0 |
#
1|    1 |   34 |   82 |HO2 MASS MIXING RATIO AFTER TIMESTEP|
2|    2 |    0 |    1 |    1 |    2 |   10 |   11 |    0 |    0 |    0 |    0 |
3| 000000000000000000000000000082 | 00000000000000000001 |    1 |
4|    1 |    0 | -99  -99  -99  -99  -99  -99  -99  -99  -99  -99 |
5|    0 |  582 |    1 |   65 |    0 |    0 |    0 |    0 |    0 |
#
1|    1 |   34 |   83 |MeOO MASS MIXING RATIO AFTER TIMES  |
2|    2 |    0 |    1 |    1 |    2 |   10 |   11 |    0 |    0 |    0 |    0 |
3| 000000000000000000000000000083 | 00000000000000000001 |    1 |
4|    1 |    0 | -99  -99  -99  -99  -99  -99  -99  -99  -99  -99 |
5|    0 |  583 |    1 |   65 |    0 |    0 |    0 |    0 |    0 |
#
1|    1 |   34 |  149 |PASSIVE O3 MMR                      |
2|    2 |    0 |    1 |    1 |    2 |   10 |   11 |    0 |    0 |    0 |    0 |
3| 000000000000000000000000000149 | 00000000000000000001 |    1 |
4|    1 |    0 | -99  -99  -99  -99  -99  -99  -99  -99  -99  -99 |
5|    0 |  649 |    1 |   65 |    0 |    0 |    0 |    0 |    0 |
#
1|    1 |   34 |  150 |AGE OF AIR in SECONDS               |
2|    2 |    0 |    1 |    1 |    2 |   10 |   11 |    0 |    0 |    0 |    0 |
3| 000000000000000000000000000150 | 00000000000000000001 |    1 |
4|    1 |    0 | -99  -99  -99  -99  -99  -99  -99  -99  -99  -99 |
5|    0 |  650 |    1 |   65 |    0 |    0 |    0 |    0 |    0 |
#
1|    1 |    6 |  111 |E. FLUX SPECTRAL PSEUDOMOM. P LEVS  |
2|    0 |    0 |    1 |   11 |    3 |    1 |    2 |    0 |    0 |    0 |    1 |
3| 000000000000000000000000000100 | 00000000000000001000 |    3 |
4|    1 |    2 | -99  -99  -99  -99  -99  -99  -99  -99  -99  -99 |
5|    0 | 1095 |    0 |    8 |    0 |    0 |    0 |    0 |    0 |
#
1|    1 |    6 |  113 |W. FLUX SPECTRAL PSEUDOMOM. P LEVS  |
2|    0 |    0 |    1 |   11 |    3 |    1 |    2 |    0 |    0 |    0 |    1 |
3| 000000000000000000000000000100 | 00000000000000001000 |    3 |
4|    1 |    2 | -99  -99  -99  -99  -99  -99  -99  -99  -99  -99 |
5|    0 | 1096 |    0 |    8 |    0 |    0 |    0 | 9999 |    0 |
#
1|    1 |    6 |  115 |EAST. FORCE FROM SPECTRAL GW P LEVS |
2|    0 |    0 |    1 |   11 |    3 |    1 |    2 |    0 |    0 |    0 |    1 |
3| 000000000000000000000000000100 | 00000000000000001000 |    3 |
4|    1 |    2 | -99  -99  -99  -99  -99  -99  -99  -99  -99  -99 |
5|    0 | 1097 |    0 |    8 |    0 |    0 |    0 | 9999 |    0 |
#
1|    1 |    6 |  241 |X COMPT OF GRAV. WAVE STRESS P LEVS |
2|    0 |    0 |    1 |   11 |    3 |    1 |    2 |    0 |    0 |    0 |    1 |
3| 000000000000000000000000000010 | 00000000000000001100 |    3 |
4|    1 |    2 | -99  -99  -99  -99  -14   17  -99  -99  -99  -99 |
5|    0 | 1098 |    0 |    8 |    0 |    0 |    0 |    0 |  322 |
#
1|    1 |    6 |  247 |U-ACCEL FROM SATURATED STRESS P LEVS|
2|    0 |    0 |    1 |   11 |    3 |    1 |    2 |    0 |    0 |    0 |    1 |
3| 000000000000000000000000000010 | 00000000000000001100 |    3 |
4|    1 |    2 | -99  -99  -99  -99  -99  -99  -99  -99  -99  -99 |
5|    0 | 1099 |    0 |    8 |    0 |    0 |    0 | 9999 |    0 |
#
1|    1 |   30 |  310 |RESIDUAL MN MERID. CIRC. VSTARBAR   |
2|    0 |    0 |    1 |   14 |    3 |    1 |    2 |    0 |    0 |    0 |    1 |
3| 000000000000000000000000000000 | 00000000000000000001 |    3 |
4|    1 |    2 | -99  -99  -99  -99  -99  -99  -99  -99  -99  -99 |
5|    0 | 1075 |    0 |    8 |    0 |    0 |    0 |    0 |    5 |
#
1|    1 |   30 |  311 |RESIDUAL MN MERID. CIRC. WSTARBAR   |
2|    0 |    0 |    1 |   14 |    3 |    1 |    2 |    0 |    0 |    0 |    1 |
3| 000000000000000000000000000000 | 00000000000000000001 |    3 |
4|    1 |    2 | -99  -99  -99  -99  -99  -99  -99  -99  -99  -99 |
5|    0 | 1076 |    0 |    8 |    0 |    0 |    0 |    0 |    5 |
#
1|    1 |   30 |  312 |ELIASSEN-PALM FLUX (MERID. COMPNT)  |
2|    0 |    0 |    1 |   14 |    3 |    1 |    2 |    0 |    0 |    0 |    1 |
3| 000000000000000000000000000000 | 00000000000000000001 |    3 |
4|    1 |    2 | -99  -99  -99  -99  -99  -99  -99  -99  -99  -99 |
5|    0 | 1077 |    0 |    8 |    0 |    0 |    0 |    0 |    5 |
#
1|    1 |   30 |  313 |ELIASSEN-PALM FLUX (VERT. COMPNT)   |
2|    0 |    0 |    1 |   14 |    3 |    1 |    2 |    0 |    0 |    0 |    1 |
3| 000000000000000000000000000000 | 00000000000000000001 |    3 |
4|    1 |    2 | -99  -99  -99  -99  -99  -99  -99  -99  -99  -99 |
5|    0 | 1078 |    0 |    8 |    0 |    0 |    0 |    0 |    5 |
#
1|    1 |   30 |  314 |DIVERGENCE OF ELIASSEN-PALM FLUX    |
2|    0 |    0 |    1 |   14 |    3 |    1 |    2 |    0 |    0 |    0 |    1 |
3| 000000000000000000000000000000 | 00000000000000000001 |    3 |
4|    1 |    2 | -99  -99  -99  -99  -99  -99  -99  -99  -99  -99 |
5|    0 | 1079 |    0 |    8 |    0 |    0 |    0 |    0 |    5 |
#
1|    1 |   30 |  315 |MERIDIONAL HEAT FLUX                |
2|    0 |    0 |    1 |   14 |    3 |    1 |    2 |    0 |    0 |    0 |    1 |
3| 000000000000000000000000000000 | 00000000000000000001 |    3 |
4|    1 |    2 | -99  -99  -99  -99  -99  -99  -99  -99  -99  -99 |
5|    0 | 1080 |    0 |    8 |    0 |    0 |    0 |    0 |    0 |
#
1|    1 |   30 |  316 |MERIDIONAL MOMENTUM FLUX            |
2|    0 |    0 |    1 |   14 |    3 |    1 |    2 |    0 |    0 |    0 |    1 |
3| 000000000000000000000000000000 | 00000000000000000001 |    3 |
4|    1 |    2 | -99  -99  -99  -99  -99  -99  -99  -99  -99  -99 |
5|    0 | 1081 |    0 |    8 |    0 |    0 |    0 |    0 |    0 |
# end of file
